   1.0000000000000001E-005
   4.0000000000000001E-002
   8.0000000000000002E-002
  0.12000000000000000     
  0.16000000000000000     
  0.20000000000000001     
  0.23999999999999999     
  0.28000000000000003     
  0.32000000000000001     
  0.35999999999999999     
  0.40000000000000002     
  0.44000000000000000     
  0.47999999999999998     
  0.52000000000000002     
  0.56000000000000005     
  0.59999999999999998     
  0.64000000000000001     
  0.68000000000000005     
  0.71999999999999997     
  0.76000000000000001     
  0.80000000000000004     
  0.83999999999999997     
  0.88000000000000000     
  0.92000000000000004     
  0.95999999999999996     
   1.0000000000000000     
   1.0400000000000000     
   1.0800000000000001     
   1.1200000000000001     
   1.1599999999999999     
   1.2000000000000000     
   1.2400000000000000     
   1.2800000000000000     
   1.3200000000000001     
   1.3600000000000001     
   1.3999999999999999     
   1.4399999999999999     
   1.4800000000000000     
   1.5200000000000000     
   1.5600000000000001     
   1.6000000000000001     
   1.6399999999999999     
   1.6799999999999999     
   1.7200000000000000     
   1.7600000000000000     
   1.8000000000000000     
   1.8400000000000001     
   1.8799999999999999     
   1.9199999999999999     
   1.9600000000000000     
