  0.35044586369794101     
  0.34958022487636597     
  0.34909246943254602     
  0.35158488507261199     
  0.35762003742678100     
  0.36670565932042798     
  0.37817323439321099     
  0.39145674901626198     
  0.40612734682019203     
  0.42186787439805001     
  0.43844226752292698     
  0.45567196225692402     
  0.47341884907074799     
  0.49157422576710202     
  0.51005076464980603     
  0.52877702257270498     
  0.54769410632608295     
  0.56675251471007504     
  0.58591041258405496     
  0.60513198275171298     
  0.62438662160914804     
  0.64364781280014105     
  0.66289261141995703     
  0.68210084034471496     
  0.70125520892867799     
  0.72034037027542996     
  0.73934295175745302     
  0.75825129917327405     
  0.77705515973268302     
  0.79574557823197201     
  0.81431478839373395     
  0.83275593392508895     
  0.85106323505491899     
  0.86923156720510197     
  0.88725646479662101     
  0.90513431631570096     
  0.92286195338827803     
  0.94043665311033797     
  0.95785635703810801     
  0.97511922668925299     
  0.99222394871476505     
   1.0091694630847601     
   1.0259550607288399     
   1.0425802322991400     
   1.0590448194477500     
   1.0753487228153600     
   1.0914923321327601     
   1.1074758378326199     
   1.1232999316017300     
   1.1389652672483801     
